50;30;20;35;35;20
25;70;35;30;45;40
20;50;55;35;25;5;25
5;25;5;5;10;30;30;5;30;25
25;5;10
35;15;25;20;15;20;20
25;15;20;20
65;15;35;45;40;45;40;25;35;30;45;30;35;55;30;35;40
35;45;40;40;40;40
60;40;25;15;40;35;20;30;65;40;30;55;45;35;20;20;45;30;45
30;35;35;40;20;35;20;20
30;45;30;50
10
15;25;15;10;30;15;25;20;30;25
50;80;35;55;45;15;55;20;45
40;25;50;30;25;15;50;30;55;30
10;55;35;35;40;40;40;40;40;40;50;45
30;40;25;25;40;55;35;40;50;25;50
20;25;30;45;40;35;40;25;25;35;30
25;35;30;10
25
35;30;35;45;40;70;30;45
20;25;10;25
45;25;60;40;40;30;75;25;45;65;15
15;15
60;30;60;50
40;5;15
30;40;15;45;20;45;35;35;20
25;35;20;10
15;5;30;25
10;20;15;20;10;30;20;25;20;15;20;15;30
45;25;40;40;50;55;15;35;35;35;40;40;30;80;35;50
45;35;25;45;35;30;50;30;40
30;20;10;35;10
30;20;10;35;15;20
30;35;40;40;35
35;30;30;50;35;50;20;50;35;20
30;60;20;15;50;35;30;30;35;10;30;25
15;25;20;15;15
25;25
50;30;40;55;30;25
35;40;15;30;20;50
15;20;20;10;30;35;15;25;15;30;15
15;30;15
35;65;25;30;55;40;30;60;25;50;35;40;15
35;20;25
15;50;25;15;15;35;35;25
25;25;30;35;20;20;35;35;30;35;20;35;25
15;20;15;15;20;20;20;20;15;15;30;20;10;5
20;25;25;55;45;40;25
50;40;30;15;30;45;20;50
50;25;25;40
10;15;15
5;20;10;15;15;25
20;10
15;25;65;40;20;25;45;25;35;40;40;40
30;20;45;35;20;15;30
15;45;25;70;35;35;40;35;15;55;40;20;25;45
45;35;20;35;40;55;60
35;45;25;40;45;55;20;35;35;50;30;35;60
40;35;45;15
40;50;30;25;25;50;55
35;20;45;40;40
30;20;5;25
20;25;10
10;15
5;20
15;15;25;10
5;30;25;5;20
40;40;25;50;25;45;25;30;25;65
30;15
20;20;30;5
15;60;35;55;20;35;30;25;45;35;50;15
25;50;15;25;30;25
60;45;35;50;15;25;15;50;45;20;25;30;35;20
15;65;30;15;35;45;45;25
15;15;15;10;15
30;20
10;35;40;55;30;40;35;20;20;35;35;45;30;30;20;50
40;40;40;25;50;20;30;40
30
25;30;35;15;35;35;20;30;20;30;10;45
50;30;30;40;40;35;20;25;55;30;60;25;30;15
20;25;25;25;25
15;40;45;15;30;55;15;30;55;15
25;10;30
15;10;20;20;35
35;30;40;15;50;40;15;25;35;30;40;25;25;40;55
25;25;15;30
35;25;25;60;40;30;50;50;20;20;45;40
15
35;20;35;20;90;50;40;30;15;55;30
50;45;25;30;30;25;60;35;30;55;35;30;35
50;25;20;20;30
45;45;20;35;25;25;30;35;30;20;40;50;50;45;55;30;40
45;50;40;35;35;15;35
20;45;15
30;5
25;15;10;15;15;20
15;30
